49.869999
49.900002
50.939999
51.439999
52.110001
51.779999
55.779999
55.59
56.389999
56.459999
55.650002
55.360001
55.349998
54.650002
54.310001
54.419998
54.459999
55.119999
54.560001
55.43
55.57
55.23
55.049999
54.709999
53.540001
54.209999
53.970001
54.07
53.860001
53.490002
54.66
54.349998
53.59
53.169998
53.07
52.049999
52.84
51.650002
51.029999
52.029999
52.349998
52.950001
52.580002
50.880001
51.299999
52.099998
51.360001
51.18
52.650002
51.82
52.189999
52.419998
51.09
50.5
49.689999
49.709999
49.279999
49.41
50.16
52
52.16
53
54.709999
55.09
52.060001
51.220001
52.169998
51.790001
52.290001
50.48
50.790001
50.560001
50.990002
53.110001
51.639999
52.779999
52.299999
52.330002
52.169998
54.049999
55.049999
54.799999
55.48
56.310001
56.549999
55.950001
55.669998
55.82
55.349998
54.830002
54.130001
55.700001
56.130001
55.200001
55.139999
54.060001
55.27
54.98
55.790001
55.810001
55.91
54.200001
55.209999
55.220001
54.349998
53.93
53.689999
54.25
54.189999
54.189999
53.939999
53.849998
52.970001
53.77
52.84
53.32
53.650002
53.509998
54.16
54.919998
54.380001
54.400002
54.150002
53.240002
52.639999
53.360001
53.98
53.689999
54.25
52.869999
48.029999
47.200001
47.77
47.619999
47.509998
47.009998
46.68
46.889999
47
47.110001
47.450001
46.799999
46.75
46.630001
45.57
44.610001
44.259998
43.439999
43.290001
43.939999
43.91
43.869999
43.900002
44.110001
43.48
44.25
44.299999
43.98
43.040001
43.48
43.290001
43.07
43.889999
42.610001
43.5
43.360001
41.82
43.52
43.93
43.900002
42.709999
40.470001
41.68
43.07
45.66
46.610001
47.27
47.32
47
46.73
46.740002
46.41
47.330002
46.740002
46.619999
47.580002
47.540001
46.810001
46.700001
46.880001
46.290001
45.34
45.349998
45.939999
46.110001
45.540001
47.279999
46.919998
46.619999
46.66
45.759998
45.619999
45.540001
44.610001
44.52
44.240002
44.299999
44.389999
44.400002
44.450001
44.150002
44.369999
45.259998
45.650002
45.639999
45.91
46.23
46.099998
46.720001
45.970001
45.830002
45.48
45.970001
46.439999
46.610001
45.650002
45.73
46.139999
46.360001
46.849998
46.919998
47.23
46.860001
47.450001
47.610001
46.59
46.900002
47.419998
47.580002
47.580002
48.009998
48.299999
48.720001
47.630001
47.349998
47.369999
47.75
46.700001
46.279999
47.599998
48.240002
48.66
48.639999
49.060001
49.16
48.029999
47.869999
43.34
42.990002
42.639999
42.91
41.619999
42.16
42.259998
41.650002
41.759998
41.720001
41.48
41.419998
41.529999
41.549999
40.290001
40.720001
40.66
40.959999
40.970001
41.209999
41.459999
42.900002
42.860001
42.880001
42.290001
42.5
41.700001
41.560001
41.380001
41.02
41.98
42.029999
42.849998
42.360001
43.110001
43.060001
43.279999
43.880001
43.849998
44.060001
43.990002
44.09
44.150002
43.860001
43.5
43.529999
43.580002
43.869999
43.09
42.380001
42.599998
42.360001
42.41
42.450001
41.84
41.599998
41.279999
40.400002
42.009998
41.189999
42.66
47.009998
47.18
47.130001
45.919998
46.389999
46.240002
45.48
45.959999
46.360001
46.599998
47.189999
47.59
46.23
45.650002
46.330002
46.759998